|-----------------------------------------------------------------------------------------------------------------------------------|
| номер |   Фамилия    | алгебра | геометрия | физика | химия | русский | английский | литература | физкультура | ОБЖ | информатика |
|-----------------------------------------------------------------------------------------------------------------------------------|
|   1   |    Гурьев    |    3    |     4     |   3    |   5   |    3    |     4      |     3      |      4      |  5  |      3      |
|-----------------------------------------------------------------------------------------------------------------------------------|
|   2   |  Никифоров   |    2    |     5     |   4    |   4   |    3    |     3      |     3      |      3      |  3  |      4      |
|-----------------------------------------------------------------------------------------------------------------------------------|
|   3   |  Калашников  |    3    |     5     |   4    |   5   |    3    |     5      |     5      |      3      |  4  |      3      |
|-----------------------------------------------------------------------------------------------------------------------------------|
|   4   |   Дмитриев   |    4    |     3     |   3    |   3   |    5    |     3      |     3      |      4      |  4  |      4      |
|-----------------------------------------------------------------------------------------------------------------------------------|
|   5   |  Горбунова   |    5    |     3     |   4    |   3   |    3    |     5      |     5      |      3      |  3  |      4      |
|-----------------------------------------------------------------------------------------------------------------------------------|
|   6   |   Сазонова   |    3    |     5     |   3    |   3   |    4    |     3      |     2      |      5      |  3  |      3      |
|-----------------------------------------------------------------------------------------------------------------------------------|
|   7   |   Гордеев    |    3    |     4     |   4    |   5   |    5    |     3      |     5      |      3      |  5  |      3      |
|-----------------------------------------------------------------------------------------------------------------------------------|
|   8   |   Фролова    |    3    |     4     |   5    |   4   |    4    |     3      |     3      |      2      |  5  |      4      |
|-----------------------------------------------------------------------------------------------------------------------------------|
|   9   |   Никитин    |    4    |     3     |   3    |   5   |    3    |     4      |     4      |      5      |  3  |      4      |
|-----------------------------------------------------------------------------------------------------------------------------------|
|   10  |   Крюкова    |    5    |     2     |   4    |   4   |    2    |     3      |     5      |      2      |  3  |      3      |
|-----------------------------------------------------------------------------------------------------------------------------------|
|   11  |  Мамонтова   |    3    |     4     |   5    |   5   |    3    |     3      |     3      |      5      |  2  |      3      |
|-----------------------------------------------------------------------------------------------------------------------------------|
|   12  |   Дроздов    |    5    |     3     |   4    |   4   |    5    |     3      |     3      |      5      |  5  |      5      |
|-----------------------------------------------------------------------------------------------------------------------------------|
|   13  |    Гущин     |    4    |     5     |   5    |   3   |    5    |     3      |     5      |      5      |  4  |      3      |
|-----------------------------------------------------------------------------------------------------------------------------------|
|   14  | Александров  |    5    |     3     |   4    |   5   |    5    |     4      |     3      |      4      |  3  |      3      |
|-----------------------------------------------------------------------------------------------------------------------------------|
|   15  |   Авдеева    |    4    |     3     |   5    |   2   |    4    |     3      |     4      |      4      |  5  |      5      |
|-----------------------------------------------------------------------------------------------------------------------------------|
|   16  |   Павлова    |    2    |     3     |   5    |   3   |    4    |     4      |     5      |      3      |  4  |      4      |
|-----------------------------------------------------------------------------------------------------------------------------------|
|   17  | Александрова |    4    |     4     |   4    |   4   |    5    |     4      |     5      |      3      |  5  |      4      |
|-----------------------------------------------------------------------------------------------------------------------------------|
|   18  |   Дорофеев   |    5    |     4     |   4    |   4   |    3    |     3      |     3      |      5      |  2  |      3      |
|-----------------------------------------------------------------------------------------------------------------------------------|
|   19  |  Некрасова   |    5    |     4     |   4    |   4   |    2    |     4      |     3      |      4      |  3  |      3      |
|-----------------------------------------------------------------------------------------------------------------------------------|
|   20  |    Лукина    |    3    |     3     |   3    |   4   |    5    |     3      |     3      |      3      |  3  |      5      |
|-----------------------------------------------------------------------------------------------------------------------------------|
|   21  |  Корнилова   |    2    |     5     |   5    |   3   |    2    |     5      |     4      |      5      |  3  |      4      |
|-----------------------------------------------------------------------------------------------------------------------------------|
|   22  |   Яковлева   |    4    |     4     |   5    |   5   |    3    |     3      |     4      |      3      |  4  |      5      |
|-----------------------------------------------------------------------------------------------------------------------------------|
|   23  |   Борисов    |    3    |     4     |   4    |   3   |    3    |     4      |     3      |      4      |  5  |      3      |
|-----------------------------------------------------------------------------------------------------------------------------------|
|   24  |    Князев    |    4    |     4     |   3    |   4   |    5    |     4      |     3      |      3      |  4  |      5      |
|-----------------------------------------------------------------------------------------------------------------------------------|
|   25  |  Шестакова   |    5    |     5     |   4    |   3   |    3    |     3      |     4      |      4      |  4  |      4      |
|-----------------------------------------------------------------------------------------------------------------------------------|